x0 = -1.5
x1 = -1.10127
x2 = -1.03605
x3 = -1.01368
x4 = -1.0053
x5 = -1.00207
x6 = -1.00081
x7 = -1.00032
x8 = -1.00012
x9 = -1.00005
x10 = -1.00002
x11 = -1.00001
x12 = -1
