x0 = -0.8
x1 = -0.887197
x2 = -0.940366
x3 = -0.969798
x4 = -0.985082
x5 = -0.992729
x6 = -0.99648
x7 = -0.998302
